svm_linear:     0.09188978205629397,     0.0,       0.091875

svm_poly_d2:    0.06907422791243159,    0.0425,     0.06
svm_poly_d3:    0.06032129593432369,    0.02734375, 0.055625
svm_poly_d4:    0.05328992376856919,    0.01828125, 0.048125
svm_poly_d5:    0.04860120211102424,    0.01359375, 0.041875
svm_poly_d6:    0.046255741790461304,   0.010625,   0.04125
svm_poly_d7:    0.0459431196247068,     0.0078125,  0.03875
svm_poly_d8:    0.04516309128225175,    0.00671875, 0.03875
svm_poly_d9:    0.04531885261923378,    0.00546875, 0.039375
svm_poly_d10:   0.04578919077404222,    0.0046875,  0.040625

svm_rbf_g0.001: 0.06985535574667709,    0.04640625, 0.06875
svm_rbf_g0.01:  0.05094556293979672,    0.0003125,  0.0425
svm_rbf_g0.1:   0.8193367621188429,     0.0,        0.8125
svm_rbf_g1:     0.8884188086395621,     0.0,        0.895
svm_rbf_g10:    0.8884205189601252,     0.0,        0.895




svm_linear:     0.0,                    0.10173426505082095,    0.095625
svm_poly_d2:    0.010663642965241162,   0.06797852326035966,    0.05875
svm_poly_d3:    0.007695007383811755,   0.05500818510555121,    0.050625
svm_poly_d4:    0.004335769686096466,   0.05047644644253323,    0.044375
svm_poly_d5:    0.0027342758372388204,  0.04641431293979672,    0.04
svm_poly_d6:    0.0014062194883811756,  0.044850957779515255,   0.039375
svm_poly_d7:    0.001953048720952939,   0.04406885261923378,    0.0375
svm_poly_d8:    0.001289001476762351,   0.044225346950742775,   0.03625
svm_poly_d9:    0.001562438976762351,   0.0437585516028147,     0.036875
svm_poly_d10:   0.0008984069883811755,  0.045319219116497264,   0.038125
svm_rbf_g0.001: 0.010780845721050576,   0.06672913408913214,    0.05625
svm_rbf_g0.01:  0.00019530487209529391, 0.048759406763096175,   0.03875
svm_rbf_g0.1:   0.0,                    0.817158913213448,      0.838125
svm_rbf_g1:     0.0,                    0.8932658571149336,     0.908125
svm_rbf_g10:    0.0,                    0.8913891467943706,     0.908125