svm_poly_d2: 0.06907422791243159, 0.0425, 0.06

svm_poly_d3: 0.06032129593432369, 0.02734375, 0.055625

svm_poly_d4: 0.05328992376856919, 0.01828125, 0.048125

svm_poly_d5: 0.04860120211102424, 0.01359375, 0.041875

svm_poly_d6: 0.046255741790461304, 0.010625, 0.04125

svm_poly_d7: 0.0459431196247068, 0.0078125, 0.03875

svm_poly_d8: 0.04516309128225175, 0.00671875, 0.03875

svm_poly_d9: 0.04531885261923378, 0.00546875, 0.039375

svm_poly_d10: 0.04578919077404222, 0.0046875, 0.040625



